4294967278,395
4294967279,470
4294967278,197
153,4
153,3
153,2
153,1
4294967279,425
4294967278,176
4294967279,177
152,3
152,2
152,1
4294967278,175
4294967278,172
4294967279,469
4294967278,170
4294967279,171
4294967278,167
4294967278,166
4294967279,165
4294967278,163
151,3
151,2
151,1
4294967279,164
4294967278,161
4294967278,159
4294967278,157
4294967278,153
4294967279,153
150,3
150,2
150,1
4294967278,152
4294967279,151
4294967278,150
4294967278,149
4294967278,145
149,3
149,2
149,1
4294967278,144
4294967278,142
4294967279,142
4294967278,141
4294967279,140
4294967278,276
148,3
148,2
148,1
4294967278,136
4294967278,275
4294967278,134
4294967279,133
147,4
147,3
147,2
147,1
4294967279,266
146,3
146,2
146,1
4294967279,265
4294967279,263
145,3
145,2
145,1
4294967278,334
144,4
144,3
144,2
144,1
4294967278,254
4294967278,394
143,4
143,3
143,2
143,1
4294967278,244
142,4
142,3
142,2
142,1
141,4
4294967279,218
141,3
141,2
141,1
4294967278,216
140,3
140,2
140,1
4294967279,453
4294967278,363
4294967279,386
4294967279,468
4294967278,341
4294967278,324
139,5
139,4
139,3
139,2
139,1
137,5
4294967279,154
137,4
137,3
137,2
137,1
4294967278,356
4294967278,308
135,5
135,4
135,3
135,2
135,1
4294967278,284
4294967278,287
4294967278,280
133,5
133,4
133,3
133,2
133,1
131,4
131,3
131,2
131,1
4294967279,258
4294967278,301
4294967278,336
4294967278,296
130,6
130,5
4294967279,250
130,4
130,3
130,2
130,1
4294967279,249
4294967294,478
4294967278,237
4294967278,234
4294967278,224
4294967279,224
4294967294,468
4294967294,418
4294967294,160
4294967294,454
4294967294,466
4294967279,467
4294967278,213
4294967278,366
4294967278,209
4294967278,208
127,5
127,4
127,3
127,2
127,1
4294967278,203
4294967279,204
125,4
125,3
125,2
125,1
124,6
4294967279,466
124,5
124,4
124,3
124,2
124,1
4294967278,189
4294967279,190
123,3
123,2
123,1
122,5
4294967278,182
122,4
122,3
122,2
122,1
4294967278,383
4294967278,360
4294967278,339
121,5
121,4
121,3
121,2
121,1
4294967279,384
120,4
120,3
120,2
120,1
4294967294,1087
4294967279,170
4294967278,320
119,5
119,4
119,3
119,2
119,1
118,4
118,3
118,2
118,1
117,4
117,3
117,2
117,1
116,6
116,5
4294967279,150
116,4
116,3
116,2
116,1
115,4
115,3
115,2
115,1
4294967294,1241
114,6
4294967278,385
4294967294,1425
4294967294,459
4294967294,461
4294967294,463
4294967294,453
4294967279,138
4294967279,465
114,5
114,4
114,3
114,2
114,1
4294967279,445
4294967278,269
4294967278,393
4294967279,431
4294967278,267
4294967279,288
4294967279,307
4294967278,369
4294967278,281
4294967278,304
4294967279,417
4294967279,286
4294967278,279
4294967279,454
4294967279,275
4294967279,464
4294967278,256
4294967279,256
4294967278,298
4294967278,384
4294967278,255
4294967279,416
4294967279,299
4294967278,294
4294967279,252
4294967279,298
4294967278,247
4294967278,292
4294967279,239
4294967278,235
4294967278,231
4294967278,233
4294967278,229
4294967279,227
4294967279,463
4294967278,225
4294967279,462
4294967278,221
4294967278,223
4294967279,461
4294967279,216
4294967279,398
4294967278,352
4294967279,397
4294967279,396
4294967278,351
4294967294,178
4294967294,415
4294967294,1083
4294967294,406
4294967294,458
4294967294,175
4294967294,116
4294967294,164
4294967294,110
4294967279,460
4294967279,203
4294967279,412
4294967278,198
4294967279,199
4294967279,442
4294967278,241
80,42
80,38
80,34
80,30
80,26
80,22
80,18
80,14
80,11
80,10
80,5
4294967294,1242
4294967278,183
4294967279,184
4294967278,178
4294967278,322
4294967278,338
4294967278,357
4294967279,459
4294967279,162
4294967279,314
4294967278,316
4294967279,161
4294967279,451
4294967279,155
4294967279,420
4294967278,373
4294967279,435
4294967294,1429
4294967279,434
4294967279,448
4294967278,387
4294967279,432
4294967279,296
4294967279,145
4294967278,355
112,5
112,4
112,2
112,1
4294967279,293
4294967278,306
4294967279,137
4294967278,274
4294967279,308
4294967278,273
4294967278,270
4294967279,289
4294967279,271
110,5
110,4
110,2
110,1
4294967278,262
4294967279,285
4294967278,390
4294967279,306
4294967278,303
4294967279,458
4294967278,302
4294967278,354
4294967279,257
4294967279,401
108,5
4294967278,335
108,4
108,2
108,1
4294967279,444
4294967278,293
4294967278,249
4294967279,457
4294967278,246
4294967279,246
4294967279,244
4294967279,242
106,5
106,4
4294967279,236
106,2
106,1
4294967279,235
4294967278,227
4294967278,226
104,4
104,3
104,2
104,1
4294967279,220
4294967278,218
4294967294,413
4294967294,179
4294967294,407
4294967294,168
4294967294,425
4294967294,403
4294967294,420
4294967294,384
4294967294,411
4294967294,119
4294967294,191
4294967279,446
4294967279,280
4294967279,214
4294967278,212
4294967294,1428
4294967294,1427
4294967279,213
4294967278,332
4294967278,210
4294967279,415
4294967278,331
4294967279,209
4294967278,207
103,6
4294967279,208
103,5
4294967278,206
103,4
4294967279,207
103,3
103,2
103,1
4294967279,395
4294967278,205
4294967279,393
4294967278,202
4294967278,329
4294967278,201
4294967279,202
4294967278,200
4294967279,201
4294967278,199
4294967279,200
4294967278,174
4294967278,88
4294967278,260
4294967278,327
4294967279,390
4294967279,198
4294967278,196
4294967279,195
4294967279,197
4294967278,195
4294967279,196
4294967279,389
4294967278,194
4294967278,192
4294967278,191
4294967279,192
4294967278,190
4294967279,191
4294967278,344
4294967279,187
4294967278,185
4294967279,186
4294967279,439
4294967278,184
4294967279,185
4294967278,376
4294967279,456
4294967279,180
100,5
100,4
4294967279,181
100,2
100,1
4294967279,404
4294967278,179
4294967279,179
4294967279,175
98,4
4294967279,173
98,2
98,1
4294967279,402
4294967294,477
4294967279,172
4294967279,169
4294967278,321
4294967279,437
4294967279,317
97,6
4294967279,168
4294967279,455
4294967279,410
4294967278,319
4294967278,358
4294967279,167
97,5
97,4
97,3
97,2
97,1
4294967278,315
4294967279,421
4294967278,389
4294967279,160
4294967279,313
4294967278,314
4294967279,159
4294967279,158
4294967279,157
4294967278,313
4294967279,156
4294967279,436
4294967278,372
96,5
96,4
96,3
96,2
96,1
4294967279,149
4294967279,148
4294967294,476
4294967279,144
4294967278,386
4294967279,418
4294967279,311
94,5
4294967279,143
94,4
94,3
94,2
94,1
4294967278,288
4294967294,388
4294967294,387
4294967278,307
4294967278,137
4294967279,279
93,5
4294967279,136
93,4
4294967279,135
93,3
93,2
93,1
4294967278,133
4294967294,89
4294967278,272
92,4
4294967279,291
92,3
92,2
92,1
4294967279,290
4294967278,271
4294967279,274
4294967278,268
4294967279,273
4294967278,285
4294967278,283
4294967279,272
91,5
4294967278,282
4294967279,270
4294967278,266
91,4
4294967279,269
91,3
91,2
91,1
4294967279,268
4294967278,265
4294967278,368
4294967279,282
68,2
4294967278,264
4294967278,263
90,4
4294967278,278
90,3
90,2
90,1
4294967278,277
4294967279,264
4294967294,392
4294967278,261
4294967278,259
89,4
4294967278,258
89,3
89,2
89,1
4294967278,286
4294967279,284
4294967278,257
4294967279,259
4294967294,409
4294967294,396
4294967294,395
4294967294,399
4294967294,187
4294967294,421
4294967294,385
4294967294,1244
4294967294,167
4294967294,398
4294967294,465
4294967294,109
4294967294,397
4294967294,180
4294967278,300
4294967279,281
4294967278,353
4294967278,367
4294967279,305
88,6
4294967294,474
4294967279,302
4294967278,337
4294967278,299
4294967279,301
4294967279,303
88,5
4294967279,400
4294967278,297
4294967279,300
88,4
88,3
88,2
88,1
4294967278,295
4294967279,255
4294967279,399
4294967279,254
87,4
4294967278,253
87,3
87,2
87,1
4294967279,253
4294967294,1426
4294967294,473
4294967294,1166
4294967278,252
4294967279,248
4294967278,250
4294967278,251
4294967279,443
4294967279,297
4294967278,248
86,6
4294967279,247
4294967294,393
4294967294,390
4294967294,114
4294967294,115
4294967278,245
4294967278,242
4294967278,243
4294967278,240
4294967279,240
4294967294,38
4294967294,37
4294967278,238
4294967278,392
4294967279,238
4294967279,237
4294967279,234
4294967278,232
4294967279,228
4294967279,232
86,5
4294967278,230
86,4
4294967279,230
86,3
86,2
86,1
4294967279,229
4294967278,228
4294967294,40
4294967279,226
4294967278,222
4294967279,222
0,7
4294967294,438
4294967294,27
4294967294,1
4294967294,2
4294967294,1078
4294967278,220
4294967294,1072
4294967294,186
4294967294,28
4294967294,0
4294967294,1068
4294967294,107
4294967294,91
4294967294,90
4294967294,87
4294967294,86
4294967294,85
4294967294,84
4294967294,1247
4294967294,1086
4294967294,1246
4294967294,29
4294967294,419
4294967294,53
4294967294,45
4294967294,430
4294967294,44
4294967294,96
4294967294,94
4294967278,217
4294967294,9
4294967294,8
4294967294,75
4294967294,104
4294967294,106
4294967294,169
4294967294,183
4294967294,174
